,CON_NTO_TLC_31TCONS1,CON_NTO_TLC_32TCONS2,CON_NTO_TLC_33TCONS3,CON_NTO_TLC_34TCONS4,CON_NTO_TLC_35TCONS5,CON_NTO_TLC_36TCONS6,CON_NTO_TLC_37TCONS7,CON_NTO_TLC_38TCONS8,CON_NTO_TLC_39TCONS9,CON_NTO_SJH_70SHCON1,CON_NTO_SJH_71SHCON2,CON_NTO_SJH_72SHCON3,CON_NTO_SJH_73SHCON4,CON_NTO_SJH_74SHCON5,CON_NTO_SJH_75SHCON6,CON_NTO_SJH_76SHCON7,CON_NTO_SJH_77SHCON8,CON_NTO_SJH_78SHCON9,CON_NTO_ASB_79ACON1,CON_NTO_ASB_80ACON2,CON_NTO_ASB_81ACON3,CON_NTO_ASB_82ACON4,CON_NTO_ASB_83ACON5,CON_NTO_ASB_84ACON6,CON_NTO_ASB_85ACON7,CON_NTO_ASB_86ACON8,CON_NTO_ASB_87ACON9,CON_NTO_AAB_106ACON19,CON_NTO_AAB_107ACON20,CON_NTO_AAB_108ACON21,CON_NTO_AAB_109ACON22,CON_NTO_AAB_110ACON23,CON_NTO_AAB_111ACON24,CON_NTO_AAB_120ACON10,CON_NTO_AAB_121ACON11,CON_NTO_AAB_122ACON12,CON_NTO_AAB_123ACON13,CON_NTO_AAB_124ACON14,CON_NTO_AAB_125ACON15,CON_NTO_AAB_126ACON16,CON_NTO_AAB_127ACON17,CON_NTO_AAB_128ACON18
CON_NTO_TLC_31TCONS1,0,0.613960238,0.658589786,0.7600621312,0.7725989616,0.7622500218,0.772600558,0.7862316367,0.8120533044,1.104166425,1.102846878,1.102864459,1.106175226,1.105941002,1.105515805,1.094599254,1.094880109,1.096197257,1.328728237,1.329354941,1.32953022,1.330047023,1.330944008,1.331573858,1.332836444,1.332382019,1.332132596,1.333458093,1.334723746,1.335835582,1.338313734,1.339198954,1.340248484,1.358764169,1.359612748,1.360203084,1.361236224,1.362010919,1.362878834,1.363727817,1.364336265,1.364935457
CON_NTO_TLC_32TCONS2,0.613960238,0,0.5280298515,0.714666274,0.7295519802,0.7120711069,0.7322784334,0.7525748015,0.7820605723,1.106144177,1.104873437,1.104932838,1.108520312,1.108252409,1.107789169,1.096828912,1.097081663,1.098395829,1.330070407,1.33069716,1.33087422,1.331390469,1.332288094,1.332917984,1.334180651,1.333727929,1.333479641,1.334650123,1.33591445,1.337024764,1.339499651,1.340383768,1.34143246,1.359946628,1.360796031,1.361387532,1.362420477,1.363195311,1.364062877,1.364913812,1.365522241,1.366122551
CON_NTO_TLC_33TCONS3,0.658589786,0.5280298515,0,0.6796742547,0.7005910313,0.6828066418,0.7021485772,0.7265191562,0.7629821078,1.105679095,1.104425377,1.104510432,1.108307291,1.108014415,1.107521882,1.096423948,1.096662195,1.097987965,1.330030451,1.330657664,1.330836247,1.3313524,1.332251123,1.332881451,1.334144984,1.333693327,1.333445789,1.334500503,1.335764499,1.336874328,1.339347984,1.340231845,1.341280426,1.359800763,1.360651038,1.361243562,1.362276699,1.36305188,1.363919452,1.364772056,1.365380651,1.365981951
CON_NTO_TLC_34TCONS4,0.7600621312,0.714666274,0.6796742547,0,0.4933051713,0.5601490101,0.4583653339,0.5756208021,0.664438433,1.10628398,1.105102187,1.105268792,1.10967567,1.109309584,1.108732355,1.097349878,1.09753837,1.098882391,1.330930497,1.331558647,1.331741608,1.332257145,1.333158541,1.333789775,1.335055099,1.334606856,1.334361673,1.33506767,1.336329994,1.33743766,1.339906402,1.340788869,1.34183658,1.360367959,1.3612206,1.361816052,1.362849402,1.36362539,1.364492716,1.365350135,1.365959047,1.366563176
CON_NTO_TLC_35TCONS5,0.7725989616,0.7295519802,0.7005910313,0.4933051713,0,0.5221971375,0.4686856132,0.5748173276,0.63530862,1.107500251,1.106335749,1.106511785,1.110961597,1.110589944,1.110007039,1.098668678,1.098849639,1.100186364,1.331631199,1.332259194,1.332442459,1.332957754,1.333859048,1.334490132,1.33575516,1.33530736,1.335062461,1.335735289,1.336997044,1.338104143,1.340571641,1.341453705,1.34250103,1.361029187,1.361881905,1.362477544,1.363510718,1.364286642,1.365153783,1.366011539,1.366620374,1.367224684
CON_NTO_TLC_36TCONS6,0.7622500218,0.7120711069,0.6828066418,0.5601490101,0.5221971375,0,0.5828737026,0.6420399735,0.673334955,1.10860449,1.1074313,1.10758695,1.111855753,1.111505367,1.110947878,1.099760562,1.099952068,1.101274511,1.332071586,1.332699048,1.332880953,1.333396221,1.334296366,1.334926932,1.336190937,1.335742306,1.335496811,1.336267924,1.337529697,1.33863701,1.34110503,1.341987197,1.343034433,1.361554777,1.362406666,1.363001377,1.364034275,1.364809819,1.365676848,1.366533113,1.367141739,1.367745155
CON_NTO_TLC_37TCONS7,0.772600558,0.7322784334,0.7021485772,0.4583653339,0.4686856132,0.5828737026,0,0.514544962,0.6352741048,1.106339058,1.105170471,1.105352266,1.109873249,1.109493498,1.108900433,1.097463325,1.097642601,1.09899021,1.331061176,1.331689515,1.331873312,1.332388742,1.333290662,1.333922081,1.335187769,1.334740167,1.334495427,1.335135362,1.336397391,1.337504665,1.33997252,1.340854733,1.341902294,1.360435979,1.361289076,1.361885088,1.362918489,1.363694635,1.364561925,1.365420261,1.36602924,1.366633908
CON_NTO_TLC_38TCONS8,0.7862316367,0.7525748015,0.7265191562,0.5756208021,0.5748173276,0.6420399735,0.514544962,0,0.6098405759,1.105504743,1.104347971,1.104551361,1.109255774,1.108854397,1.108235668,1.096661312,1.096828862,1.098188852,1.330765606,1.331394423,1.331579565,1.332094979,1.33299797,1.333629852,1.334896456,1.334449723,1.334205602,1.334746299,1.33600821,1.337115179,1.339582319,1.340464359,1.341511935,1.360052461,1.360906358,1.361503284,1.362536916,1.363313411,1.364180772,1.365040581,1.365649744,1.366255292
CON_NTO_TLC_39TCONS9,0.8120533044,0.7820605723,0.7629821078,0.664438433,0.63530862,0.673334955,0.6352741048,0.6098405759,0,1.108105383,1.106993226,1.107225284,1.112084778,1.11166391,1.111024253,1.099515336,1.09966166,1.101007791,1.332314264,1.332942886,1.333129226,1.333644064,1.334547194,1.335178886,1.336445117,1.335999741,1.335756511,1.336183441,1.337443961,1.338549478,1.341013414,1.341894436,1.342941101,1.361476393,1.362330756,1.362928447,1.363961744,1.364738213,1.365605157,1.366466287,1.367075331,1.367681622
CON_NTO_SJH_70SHCON1,1.104166425,1.106144177,1.105679095,1.10628398,1.107500251,1.10860449,1.106339058,1.105504743,1.108105383,0,0.5389718,0.619629177,0.836609293,0.8226986638,0.8042484452,0.7613038312,0.7515638768,0.7423548208,1.253347918,1.254039207,1.254280876,1.254834048,1.255837241,1.256529521,1.25791526,1.257465017,1.25722359,1.255411309,1.256760834,1.257939899,1.260561673,1.261498404,1.262612951,1.282244627,1.283149019,1.283786753,1.284868336,1.285683169,1.286587514,1.28750684,1.288143483,1.288787927
CON_NTO_SJH_71SHCON2,1.102846878,1.104873437,1.104425377,1.105102187,1.106335749,1.1074313,1.105170471,1.104347971,1.106993226,0.5389718,0,0.5331053005,0.8262234972,0.8112198277,0.7909841964,0.7360264647,0.725092674,0.7121420631,1.253867719,1.254557911,1.254796684,1.255349834,1.256350651,1.257041881,1.258425548,1.257973503,1.257730784,1.256126852,1.257476041,1.258655232,1.261277391,1.262214096,1.263328173,1.2829397,1.283842257,1.284478008,1.285558848,1.286372781,1.287276758,1.288192938,1.288829064,1.289471612
CON_NTO_SJH_72SHCON3,1.102864459,1.104932838,1.104510432,1.105268792,1.106511785,1.10758695,1.105352266,1.104551361,1.107225284,0.619629177,0.5331053005,0,0.8112195947,0.7943334158,0.7711191518,0.7243475955,0.7155943484,0.6969551736,1.253609597,1.25429957,1.254535875,1.255089654,1.256089381,1.256780408,1.258163674,1.257709421,1.257465207,1.256069671,1.25742006,1.258600727,1.261226184,1.26216386,1.263278593,1.282885609,1.283786858,1.284420945,1.285501755,1.286315291,1.287219493,1.288132938,1.288768935,1.289409888
CON_NTO_SJH_73SHCON4,1.106175226,1.108520312,1.108307291,1.10967567,1.110961597,1.111855753,1.109873249,1.109255774,1.112084778,0.836609293,0.8262234972,0.8112195947,0,0.53310542,0.6353062806,0.8172285286,0.8223782242,0.8131189068,1.250552208,1.251241175,1.251457918,1.252017348,1.253009392,1.253699524,1.255081015,1.25460857,1.254352118,1.254637257,1.25599842,1.257191944,1.259846079,1.260792291,1.261913127,1.281495325,1.282386447,1.283007393,1.284088495,1.284899223,1.285805686,1.286697438,1.287332693,1.287961045
CON_NTO_SJH_74SHCON5,1.105941002,1.108252409,1.108014415,1.109309584,1.110589944,1.111505367,1.109493498,1.108854397,1.11166391,0.8226986638,0.8112198277,0.7943334158,0.53310542,0,0.5541574388,0.8047586157,0.8098900058,0.799280993,1.250750091,1.251439454,1.251658835,1.25221774,1.253211161,1.253901666,1.255283892,1.254813654,1.254558709,1.254628717,1.255988978,1.257181274,1.259832642,1.26077807,1.261898473,1.281488651,1.28238123,1.283003954,1.284085237,1.284896478,1.285802833,1.286697484,1.287332952,1.287963008
CON_NTO_SJH_75SHCON6,1.105515805,1.107789169,1.107521882,1.108732355,1.110007039,1.110947878,1.108900433,1.108235668,1.111024253,0.8042484452,0.7909841964,0.7711191518,0.6353062806,0.5541574388,0,0.7885529544,0.793526956,0.7809477887,1.251097086,1.251786745,1.252009074,1.252567258,1.253562025,1.254252804,1.255635572,1.25516794,1.25491476,1.254737879,1.256096829,1.257287476,1.259935148,1.260879499,1.261999205,1.281595766,1.282489922,1.283114631,1.284195994,1.285007735,1.285913861,1.286811766,1.287447411,1.288079368
CON_NTO_SJH_76SHCON7,1.094599254,1.096828912,1.096423948,1.097349878,1.098668678,1.099760562,1.097463325,1.096661312,1.099515336,0.7613038312,0.7360264647,0.7243475955,0.8172285286,0.8047586157,0.7885529544,0,0.4545916928,0.5036311196,1.257812903,1.258496933,1.258724914,1.259276095,1.260265344,1.260950649,1.262322637,1.26186583,1.261619432,1.260702723,1.262046471,1.263222279,1.265837492,1.266771304,1.267880653,1.287381603,1.288276608,1.288904903,1.289981281,1.290790815,1.291691908,1.292596528,1.293229851,1.293865276
CON_NTO_SJH_77SHCON8,1.094880109,1.097081663,1.096662195,1.09753837,1.098849639,1.099952068,1.097642601,1.096828862,1.09966166,0.7515638768,0.725092674,0.7155943484,0.8223782242,0.8098900058,0.793526956,0.4545916928,0,0.4863137237,1.257774997,1.258459373,1.258688819,1.259239822,1.260229999,1.260915634,1.262288272,1.261832572,1.261586942,1.260555907,1.261899372,1.263074699,1.265688812,1.266622334,1.267731597,1.287238827,1.28813468,1.288763967,1.289840535,1.29065041,1.291551523,1.292457748,1.293091236,1.293727613
CON_NTO_SJH_78SHCON9,1.096197257,1.098395829,1.097987965,1.098882391,1.100186364,1.101274511,1.09899021,1.098188852,1.101007791,0.7423548208,0.7121420631,0.6969551736,0.8131189068,0.799280993,0.7809477887,0.5036311196,0.4863137237,0,1.25700912,1.25769425,1.257923697,1.258475383,1.259466546,1.26015291,1.261526986,1.261070579,1.260824535,1.259825749,1.261170765,1.262347519,1.264964731,1.265899289,1.267009656,1.286530109,1.287426231,1.288055547,1.289132745,1.289943009,1.290844685,1.291750856,1.29238467,1.293021071
CON_NTO_ASB_79ACON1,1.328728237,1.330070407,1.330030451,1.330930497,1.331631199,1.332071586,1.331061176,1.330765606,1.332314264,1.253347918,1.253867719,1.253609597,1.250552208,1.250750091,1.251097086,1.257812903,1.257774997,1.25700912,0,0.4545920023,0.5221977473,0.5642389095,0.6309658944,0.6611698543,0.7066939042,0.6994230018,0.6972896393,1.001718729,1.003091335,1.004657867,1.008397557,1.009673034,1.010919916,1.0302377,1.030782056,1.03078649,1.032302142,1.033258406,1.034673691,1.034612638,1.035482717,1.035635703
CON_NTO_ASB_80ACON2,1.329354941,1.33069716,1.330657664,1.331558647,1.332259194,1.332699048,1.331689515,1.331394423,1.332942886,1.254039207,1.254557911,1.25429957,1.251241175,1.251439454,1.251786745,1.258496933,1.258459373,1.25769425,0.4545920023,0,0.4399315077,0.4933056618,0.5922186577,0.6309659301,0.6858512656,0.6779090028,0.676079797,1.002293859,1.00360442,1.005118106,1.008747007,1.009985026,1.011188005,1.0298693,1.030385714,1.030365656,1.031859592,1.032797609,1.034198014,1.034101386,1.034959856,1.035090678
CON_NTO_ASB_81ACON3,1.32953022,1.33087422,1.330836247,1.331741608,1.332442459,1.332880953,1.331873312,1.331579565,1.333129226,1.254280876,1.254796684,1.254535875,1.251457918,1.251658835,1.252009074,1.258724914,1.258688819,1.257923697,0.5221977473,0.4399315077,0,0.4233987697,0.5611003782,0.609534606,0.6727467848,0.6611700069,0.6573097546,1.004165058,1.005444154,1.006925835,1.010480808,1.011693169,1.012868262,1.031071606,1.03156646,1.03153126,1.032998642,1.033916941,1.035295877,1.035176276,1.036019697,1.036134153
CON_NTO_ASB_82ACON4,1.330047023,1.331390469,1.3313524,1.332257145,1.332957754,1.333396221,1.332388742,1.332094979,1.333644064,1.254834048,1.255349834,1.255089654,1.252017348,1.25221774,1.252567258,1.259276095,1.259239822,1.258475383,0.5642389095,0.4933056618,0.4233987697,0,0.5095221243,0.575622082,0.6526263933,0.6408797972,0.6381422347,1.004098273,1.005332137,1.006776733,1.010255752,1.011442569,1.012587064,1.030363998,1.030840143,1.03078746,1.032243088,1.033150765,1.034522581,1.034377817,1.035215189,1.035314545
CON_NTO_ASB_83ACON5,1.330944008,1.332288094,1.332251123,1.333158541,1.333859048,1.334296366,1.333290662,1.33299797,1.334547194,1.255837241,1.256350651,1.256089381,1.253009392,1.253211161,1.253562025,1.260265344,1.260229999,1.259466546,0.6309658944,0.5922186577,0.5611003782,0.5095221243,0,0.4545919909,0.5989886647,0.5806022416,0.5786969578,1.005570281,1.00671481,1.008080768,1.011391262,1.012520635,1.013598716,1.030366491,1.030797577,1.030707143,1.032123068,1.032998595,1.034341642,1.034141427,1.034957132,1.035020931
CON_NTO_ASB_84ACON6,1.331573858,1.332917984,1.332881451,1.333789775,1.334490132,1.334926932,1.333922081,1.333629852,1.335178886,1.256529521,1.257041881,1.256780408,1.253699524,1.253901666,1.254252804,1.260950649,1.260915634,1.26015291,0.6611698543,0.6309659301,0.609534606,0.575622082,0.4545919909,0,0.5455974313,0.522197806,0.5290198507,1.006240143,1.007325701,1.008640555,1.011842465,1.012934879,1.013969853,1.030090792,1.030492939,1.030377646,1.031769633,1.032625405,1.033951574,1.033714969,1.034517726,1.034558525
CON_NTO_ASB_85ACON7,1.332836444,1.334180651,1.334144984,1.335055099,1.33575516,1.336190937,1.335187769,1.334896456,1.336445117,1.25791526,1.258425548,1.258163674,1.255081015,1.255283892,1.255635572,1.262322637,1.262288272,1.261526986,0.7066939042,0.6858512656,0.6727467848,0.6526263933,0.5989886647,0.5455974313,0,0.439931572,0.5036322351,1.007659356,1.008628866,1.009842453,1.012828067,1.013846672,1.01479573,1.029610432,1.029953725,1.029788261,1.031130467,1.031945413,1.033236148,1.032925874,1.033701597,1.033695584
CON_NTO_ASB_86ACON8,1.332382019,1.333727929,1.333693327,1.334606856,1.33530736,1.335742306,1.334740167,1.334449723,1.335999741,1.257465017,1.257973503,1.257709421,1.25460857,1.254813654,1.25516794,1.26186583,1.261832572,1.261070579,0.6994230018,0.6779090028,0.6611700069,0.6408797972,0.5806022416,0.522197806,0.439931572,0,0.3773239578,1.00878668,1.009790118,1.011028601,1.014061297,1.015095387,1.016064426,1.031113989,1.031467272,1.031313822,1.032655319,1.03347189,1.034759237,1.03446559,1.035240124,1.035242683
CON_NTO_ASB_87ACON9,1.332132596,1.333479641,1.333445789,1.334361673,1.335062461,1.335496811,1.334495427,1.334205602,1.335756511,1.25722359,1.257730784,1.257465207,1.254352118,1.254558709,1.25491476,1.261619432,1.261586942,1.260824535,0.6972896393,0.676079797,0.6573097546,0.6381422347,0.5786969578,0.5290198507,0.5036322351,0.3773239578,0,1.009600527,1.010621165,1.011871528,1.014925576,1.015966576,1.016944962,1.032091838,1.032449155,1.032301452,1.033640328,1.034456209,1.035739796,1.035453936,1.036226526,1.036232724
CON_NTO_AAB_106ACON19,1.333458093,1.334650123,1.334500503,1.33506767,1.335735289,1.336267924,1.335135362,1.334746299,1.336183441,1.255411309,1.256126852,1.256069671,1.254637257,1.254628717,1.254737879,1.260702723,1.260555907,1.259825749,1.001718729,1.002293859,1.004165058,1.004098273,1.005570281,1.006240143,1.007659356,1.00878668,1.009600527,0,0.5316647517,0.6154153632,0.7097432293,0.7315666859,0.7530531041,0.9219771983,0.9263649403,0.9294428628,0.9343276465,0.9379200336,0.9417446505,0.9457844156,0.9483596206,0.9510777724
CON_NTO_AAB_107ACON20,1.334723746,1.33591445,1.335764499,1.336329994,1.336997044,1.337529697,1.336397391,1.33600821,1.337443961,1.256760834,1.257476041,1.25742006,1.25599842,1.255988978,1.256096829,1.262046471,1.261899372,1.261170765,1.003091335,1.00360442,1.005444154,1.005332137,1.00671481,1.007325701,1.008628866,1.009790118,1.010621165,0.5316647517,0,0.5159197116,0.6702792625,0.6989153058,0.7258028247,0.9148935114,0.9195262738,0.922781783,0.9279007368,0.9316643773,0.9356568697,0.9399069667,0.9425909176,0.9454405986
CON_NTO_AAB_108ACON21,1.335835582,1.337024764,1.336874328,1.33743766,1.338104143,1.33863701,1.337504665,1.337115179,1.338549478,1.257939899,1.258655232,1.258600727,1.257191944,1.257181274,1.257287476,1.263222279,1.263074699,1.262347519,1.004657867,1.005118106,1.006925835,1.006776733,1.008080768,1.008640555,1.009842453,1.011028601,1.011871528,0.6154153632,0.5159197116,0,0.6212105521,0.6609595515,0.6957229561,0.9084315065,0.91330961,0.9167470432,0.9220877961,0.9260157122,0.9301646781,0.9346286546,0.9374145768,0.9403955095
CON_NTO_AAB_109ACON22,1.338313734,1.339499651,1.339347984,1.339906402,1.340571641,1.34110503,1.33997252,1.339582319,1.341013414,1.260561673,1.261277391,1.261226184,1.259846079,1.259832642,1.259935148,1.265837492,1.265688812,1.264964731,1.008397557,1.008747007,1.010480808,1.010255752,1.011391262,1.011842465,1.012828067,1.014061297,1.014925576,0.7097432293,0.6702792625,0.6212105521,0,0.4832023122,0.5851926894,0.8930692235,0.8985908341,0.9025091199,0.908409481,0.9127535756,0.9172917853,0.9223104305,0.9253492069,0.9286655392
CON_NTO_AAB_110ACON23,1.339198954,1.340383768,1.340231845,1.340788869,1.341453705,1.341987197,1.340854733,1.340464359,1.341894436,1.261498404,1.262214096,1.26216386,1.260792291,1.26077807,1.260879499,1.266771304,1.266622334,1.265899289,1.009673034,1.009985026,1.011693169,1.011442569,1.012520635,1.012934879,1.013846672,1.015095387,1.015966576,0.7315666859,0.6989153058,0.6609595515,0.4832023122,0,0.5036324048,0.8871947738,0.8929813222,0.8970966848,0.9032240955,0.907736408,0.9124312276,0.9176723997,0.9208119801,0.924261813
CON_NTO_AAB_111ACON24,1.340248484,1.34143246,1.341280426,1.34183658,1.34250103,1.343034433,1.341902294,1.341511935,1.342941101,1.262612951,1.263328173,1.263278593,1.261913127,1.261898473,1.261999205,1.267880653,1.267731597,1.267009656,1.010919916,1.011188005,1.012868262,1.012587064,1.013598716,1.013969853,1.01479573,1.016064426,1.016944962,0.7530531041,0.7258028247,0.6957229561,0.5851926894,0.5036324048,0,0.8798375561,0.8859624199,0.8903241018,0.8967497504,0.9014796945,0.9063806834,0.9118950118,0.9151653122,0.918779947
CON_NTO_AAB_120ACON10,1.358764169,1.359946628,1.359800763,1.360367959,1.361029187,1.361554777,1.360435979,1.360052461,1.361476393,1.282244627,1.2829397,1.282885609,1.281495325,1.281488651,1.281595766,1.287381603,1.287238827,1.286530109,1.0302377,1.0298693,1.031071606,1.030363998,1.030366491,1.030090792,1.029610432,1.031113989,1.032091838,0.9219771983,0.9148935114,0.9084315065,0.8930692235,0.8871947738,0.8798375561,0,0.4838287156,0.5618996218,0.6196370207,0.6532363989,0.681030761,0.7110327859,0.7247413249,0.7403564121
CON_NTO_AAB_121ACON11,1.359612748,1.360796031,1.360651038,1.3612206,1.361881905,1.362406666,1.361289076,1.360906358,1.362330756,1.283149019,1.283842257,1.283786858,1.282386447,1.28238123,1.282489922,1.288276608,1.28813468,1.287426231,1.030782056,1.030385714,1.03156646,1.030840143,1.030797577,1.030492939,1.029953725,1.031467272,1.032449155,0.9263649403,0.9195262738,0.91330961,0.8985908341,0.8929813222,0.8859624199,0.4838287156,0,0.4583654698,0.5619001063,0.6110706311,0.6484368475,0.685247432,0.7017937561,0.7200924023
CON_NTO_AAB_122ACON12,1.360203084,1.361387532,1.361243562,1.361816052,1.362477544,1.363001377,1.361885088,1.361503284,1.362928447,1.283786753,1.284478008,1.284420945,1.283007393,1.283003954,1.283114631,1.288904903,1.288763967,1.288055547,1.03078649,1.030365656,1.03153126,1.03078746,1.030707143,1.030377646,1.029788261,1.031313822,1.032301452,0.9294428628,0.922781783,0.9167470432,0.9025091199,0.8970966848,0.8903241018,0.5618996218,0.4583654698,0,0.4933064504,0.5679730565,0.6185907957,0.661178173,0.6810311699,0.7017939383
CON_NTO_AAB_123ACON13,1.361236224,1.362420477,1.362276699,1.362849402,1.363510718,1.364034275,1.362918489,1.362536916,1.363961744,1.284868336,1.285558848,1.285501755,1.284088495,1.284085237,1.284195994,1.289981281,1.289840535,1.289132745,1.032302142,1.031859592,1.032998642,1.032243088,1.032123068,1.031769633,1.031130467,1.032655319,1.033640328,0.9343276465,0.9279007368,0.9220877961,0.908409481,0.9032240955,0.8967497504,0.6196370207,0.5619001063,0.4933064504,0,0.4583656861,0.5541608386,0.619637257,0.6457981866,0.6729037651
CON_NTO_AAB_124ACON14,1.362010919,1.363195311,1.36305188,1.36362539,1.364286642,1.364809819,1.363694635,1.363313411,1.364738213,1.285683169,1.286372781,1.286315291,1.284899223,1.284896478,1.285007735,1.290790815,1.29065041,1.289943009,1.033258406,1.032797609,1.033916941,1.033150765,1.032998595,1.032625405,1.031945413,1.03347189,1.034456209,0.9379200336,0.9316643773,0.9260157122,0.9127535756,0.907736408,0.9014796945,0.6532363989,0.6110706311,0.5679730565,0.4583656861,0,0.4686864638,0.5749749718,0.6099242736,0.6448944101
CON_NTO_AAB_125ACON15,1.362878834,1.364062877,1.363919452,1.364492716,1.365153783,1.365676848,1.364561925,1.364180772,1.365605157,1.286587514,1.287276758,1.287219493,1.285805686,1.285802833,1.285913861,1.291691908,1.291551523,1.290844685,1.034673691,1.034198014,1.035295877,1.034522581,1.034341642,1.033951574,1.033236148,1.034759237,1.035739796,0.9417446505,0.9356568697,0.9301646781,0.9172917853,0.9124312276,0.9063806834,0.681030761,0.6484368475,0.6185907957,0.5541608386,0.4686864638,0,0.514545862,0.561899739,0.6110695767
CON_NTO_AAB_126ACON16,1.363727817,1.364913812,1.364772056,1.365350135,1.366011539,1.366533113,1.365420261,1.365040581,1.366466287,1.28750684,1.288192938,1.288132938,1.286697438,1.286697484,1.286811766,1.292596528,1.292457748,1.291750856,1.034612638,1.034101386,1.035176276,1.034377817,1.034141427,1.033714969,1.032925874,1.03446559,1.035453936,0.9457844156,0.9399069667,0.9346286546,0.9223104305,0.9176723997,0.9118950118,0.7110327859,0.685247432,0.661178173,0.619637257,0.5749749718,0.514545862,0,0.4233990127,0.5280313725
CON_NTO_AAB_127ACON17,1.364336265,1.365522241,1.365380651,1.365959047,1.366620374,1.367141739,1.36602924,1.365649744,1.367075331,1.288143483,1.288829064,1.288768935,1.287332693,1.287332952,1.287447411,1.293229851,1.293091236,1.29238467,1.035482717,1.034959856,1.036019697,1.035215189,1.034957132,1.034517726,1.033701597,1.035240124,1.036226526,0.9483596206,0.9425909176,0.9374145768,0.9253492069,0.9208119801,0.9151653122,0.7247413249,0.7017937561,0.6810311699,0.6457981866,0.6099242736,0.561899739,0.4233990127,0,0.4583655425
CON_NTO_AAB_128ACON18,1.364935457,1.366122551,1.365981951,1.366563176,1.367224684,1.367745155,1.366633908,1.366255292,1.367681622,1.288787927,1.289471612,1.289409888,1.287961045,1.287963008,1.288079368,1.293865276,1.293727613,1.293021071,1.035635703,1.035090678,1.036134153,1.035314545,1.035020931,1.034558525,1.033695584,1.035242683,1.036232724,0.9510777724,0.9454405986,0.9403955095,0.9286655392,0.924261813,0.918779947,0.7403564121,0.7200924023,0.7017939383,0.6729037651,0.6448944101,0.6110695767,0.5280313725,0.4583655425,0
