,CON_NTO_TLC_31TCONS1,CON_NTO_TLC_32TCONS2,CON_NTO_TLC_33TCONS3,CON_NTO_TLC_34TCONS4,CON_NTO_TLC_35TCONS5,CON_NTO_TLC_36TCONS6,CON_NTO_TLC_37TCONS7,CON_NTO_TLC_38TCONS8,CON_NTO_TLC_39TCONS9,CON_NTO_SJH_70SHCON1,CON_NTO_SJH_71SHCON2,CON_NTO_SJH_72SHCON3,CON_NTO_SJH_73SHCON4,CON_NTO_SJH_74SHCON5,CON_NTO_SJH_75SHCON6,CON_NTO_SJH_76SHCON7,CON_NTO_SJH_77SHCON8,CON_NTO_SJH_78SHCON9,CON_NTO_ASB_79ACON1,CON_NTO_ASB_80ACON2,CON_NTO_ASB_81ACON3,CON_NTO_ASB_82ACON4,CON_NTO_ASB_83ACON5,CON_NTO_ASB_84ACON6,CON_NTO_ASB_85ACON7,CON_NTO_ASB_86ACON8,CON_NTO_ASB_87ACON9,CON_NTO_AAB_106ACON19,CON_NTO_AAB_107ACON20,CON_NTO_AAB_108ACON21,CON_NTO_AAB_109ACON22,CON_NTO_AAB_110ACON23,CON_NTO_AAB_111ACON24,CON_NTO_AAB_120ACON10,CON_NTO_AAB_121ACON11,CON_NTO_AAB_122ACON12,CON_NTO_AAB_123ACON13,CON_NTO_AAB_124ACON14,CON_NTO_AAB_125ACON15,CON_NTO_AAB_126ACON16,CON_NTO_AAB_127ACON17,CON_NTO_AAB_128ACON18
CON_NTO_TLC_31TCONS1,0,0.6205551358,0.6586073567,0.7643911037,0.7727040775,0.7642787653,0.7727042564,0.7863599728,0.8122511599,1.122426826,1.120589888,1.120165908,1.122495114,1.122457213,1.121819767,1.109655736,1.110116687,1.111964449,1.633237804,1.639612863,1.644851909,1.649049036,1.661248482,1.673223534,1.696831832,1.694839213,1.692516038,1.528912797,1.531401046,1.53345501,1.53828084,1.540097418,1.542411246,1.610312713,1.615337313,1.619994889,1.624811428,1.627200143,1.630967673,1.637630734,1.639658685,1.644436123
CON_NTO_TLC_32TCONS2,0.6205551358,0,0.5077678077,0.7158866514,0.7257673282,0.7107815367,0.7283985385,0.7492199153,0.7795956705,1.124977477,1.123185595,1.122799545,1.125432549,1.12535819,1.124686328,1.112428905,1.112861323,1.114711078,1.635284069,1.641659585,1.64689959,1.651096567,1.663296609,1.675271939,1.698880359,1.696888565,1.694565916,1.530877646,1.533364793,1.535417306,1.540240923,1.54205667,1.544369384,1.612263134,1.617287885,1.621945781,1.626762215,1.629150901,1.632918353,1.639581946,1.641610026,1.646387901
CON_NTO_TLC_33TCONS3,0.6586073567,0.5077678077,0,0.6870781194,0.7006278561,0.6866999527,0.702185648,0.7265734188,0.763080229,1.124606239,1.122829859,1.122463056,1.125292393,1.125194833,1.124497711,1.112109759,1.112528779,1.114391136,1.635143211,1.641519307,1.646760229,1.650957215,1.663158038,1.67513382,1.698742623,1.696751515,1.694429288,1.530672234,1.533158942,1.535210721,1.54003338,1.541848759,1.544160963,1.612054086,1.617079194,1.621737515,1.626554179,1.628942992,1.632710636,1.639374904,1.641403175,1.646181558
CON_NTO_TLC_34TCONS4,0.7643911037,0.7158866514,0.6870781194,0,0.4583662938,0.5671543023,0.4170619863,0.5642431482,0.6549975663,1.126093198,1.12439031,1.124097263,1.127597788,1.127420468,1.126641476,1.113912254,1.114278037,1.11616639,1.636634871,1.643012623,1.64825637,1.652453248,1.664656287,1.676633291,1.700243034,1.698254131,1.695933276,1.531952958,1.534437748,1.536486671,1.541305319,1.543119175,1.545429299,1.613314321,1.618340336,1.622999857,1.627816928,1.630205993,1.633973985,1.640640181,1.642668978,1.647448848
CON_NTO_TLC_35TCONS5,0.7727040775,0.7257673282,0.7006278561,0.4583662938,0,0.5316668848,0.4686871577,0.5748242251,0.6353237255,1.12737337,1.125679545,1.125390352,1.128896429,1.128718209,1.12794036,1.115251719,1.11561403,1.117495534,1.637576877,1.643954499,1.649198136,1.65339495,1.665597807,1.67757468,1.701184266,1.699195325,1.696874453,1.532897196,1.535381784,1.537430519,1.542248797,1.544062518,1.546372471,1.614254735,1.619280619,1.62394004,1.628756945,1.631145928,1.634913786,1.641579831,1.643608578,1.648388348
CON_NTO_TLC_36TCONS6,0.7642787653,0.7107815367,0.6866999527,0.5671543023,0.5316668848,0,0.5911060863,0.6464313181,0.6729163182,1.128946966,1.127242946,1.126935337,1.130227707,1.130074495,1.129325582,1.116813561,1.117188033,1.119050246,1.638608115,1.644984958,1.650227447,1.654424192,1.666625993,1.67860223,1.702211235,1.700221478,1.697900109,1.534004269,1.536489182,1.538538588,1.54335763,1.545171652,1.547482036,1.61536255,1.620387907,1.625046751,1.629863245,1.632252009,1.636019527,1.642684666,1.644713149,1.649492246
CON_NTO_TLC_37TCONS7,0.7727042564,0.7283985385,0.702185648,0.4170619863,0.4686871577,0.5911060863,0,0.5145474604,0.6352897734,1.125965169,1.124270734,1.12398746,1.127584147,1.127395468,1.126604296,1.113815457,1.114174369,1.116068179,1.636595777,1.64297381,1.648218006,1.652414885,1.664618303,1.676595524,1.700205451,1.698216885,1.695896238,1.531882006,1.534366568,1.536415119,1.541233276,1.543046944,1.545356807,1.61324139,1.618267576,1.622927303,1.62774448,1.630133604,1.633901686,1.640568208,1.642597097,1.647377215
CON_NTO_TLC_38TCONS8,0.7863599728,0.7492199153,0.7265734188,0.5642431482,0.5748242251,0.6464313181,0.5145474604,0,0.609852555,1.125058442,1.123378142,1.123114379,1.126918349,1.126705312,1.125887013,1.1129487,1.113294253,1.115203241,1.636046297,1.642425005,1.647670231,1.651867146,1.664071474,1.676049234,1.699659635,1.697671819,1.695351633,1.531262162,1.533746326,1.535794161,1.54061143,1.542424753,1.544734133,1.612619109,1.617645731,1.622305954,1.627123442,1.629512736,1.633281076,1.639948383,1.641977497,1.646758203
CON_NTO_TLC_39TCONS9,0.8122511599,0.7795956705,0.763080229,0.6549975663,0.6353237255,0.6729163182,0.6352897734,0.609852555,0,1.128492356,1.126848263,1.12660755,1.130546626,1.130316936,1.129486715,1.116589345,1.116916613,1.118812903,1.638642672,1.645021398,1.65026692,1.65446366,1.666667993,1.678645679,1.702255889,1.70026842,1.697948466,1.533821958,1.53630525,1.538352064,1.543167637,1.544980331,1.547288882,1.61516558,1.620192064,1.624852284,1.629669454,1.632058601,1.635826686,1.642494015,1.644523111,1.649303872
CON_NTO_SJH_70SHCON1,1.122426826,1.124977477,1.124606239,1.126093198,1.12737337,1.128946966,1.125965169,1.125058442,1.128492356,0,0.5389766689,0.6110759337,0.8351259153,0.8209772035,0.8036904717,0.7635707802,0.7541410202,0.7424667292,1.50425834,1.510698907,1.516018322,1.520231788,1.532521148,1.544554761,1.56822394,1.566280228,1.563985687,1.395706225,1.398222859,1.400284994,1.40515441,1.406985704,1.409315767,1.477896556,1.482974872,1.487681842,1.492553748,1.494970496,1.498783206,1.505522189,1.507573737,1.512405065
CON_NTO_SJH_71SHCON2,1.120589888,1.123185595,1.122829859,1.12439031,1.125679545,1.127242946,1.124270734,1.123378142,1.126848263,0.5389766689,0,0.5095235036,0.8246008086,0.8093477343,0.7900742268,0.7388796564,0.7284137624,0.7122128801,1.505700304,1.512139185,1.517455965,1.521669386,1.53395648,1.545988776,1.569656827,1.567711165,1.565415423,1.397329102,1.399846603,1.401910424,1.406781833,1.408613904,1.410945072,1.479523401,1.484600581,1.489306281,1.494177346,1.49659364,1.500405653,1.507142639,1.509193612,1.514023451
CON_NTO_SJH_72SHCON3,1.120165908,1.122799545,1.122463056,1.124097263,1.125390352,1.126935337,1.12398746,1.123114379,1.12660755,0.6110759337,0.5095235036,0,0.8122729913,0.7955136799,0.7738796564,0.7267826566,0.7177406438,0.6957534694,1.506099347,1.51253727,1.517852245,1.522065843,1.534351672,1.546383321,1.570050963,1.56810382,1.565807145,1.397870942,1.40038988,1.402455769,1.407330142,1.409163334,1.411496025,1.480081827,1.485158509,1.489863492,1.494734421,1.497150615,1.500962507,1.507698336,1.509749002,1.514577938
CON_NTO_SJH_73SHCON4,1.122495114,1.125432549,1.125292393,1.127597788,1.128896429,1.130227707,1.127584147,1.126918349,1.130546626,0.8351259153,0.8246008086,0.8122729913,0,0.533107925,0.6303790062,0.8178114751,0.8228157503,0.8117938104,1.506865941,1.513296574,1.518596257,1.522812228,1.535088559,1.547115802,1.570781531,1.568821215,1.566516159,1.399924364,1.402458772,1.404545767,1.409451535,1.41129654,1.413645132,1.482330443,1.487404038,1.492103568,1.49697512,1.499391303,1.503203589,1.509930499,1.511978917,1.516800695
CON_NTO_SJH_74SHCON5,1.122457213,1.12535819,1.125194833,1.127420468,1.128718209,1.130074495,1.127395468,1.126705312,1.130316936,0.8209772035,0.8093477343,0.7955136799,0.533107925,0,0.5464292797,0.8056117505,0.8105481335,0.7979035832,1.506421479,1.512853263,1.518155085,1.522370861,1.534648711,1.546676738,1.570342974,1.568384405,1.566080449,1.399312417,1.401845225,1.403929879,1.408832326,1.410676073,1.413022953,1.481700449,1.486774662,1.491475055,1.496346812,1.498763136,1.502575603,1.509303899,1.511352689,1.516175544
CON_NTO_SJH_75SHCON6,1.121819767,1.124686328,1.124497711,1.126641476,1.12794036,1.129325582,1.126604296,1.125887013,1.129486715,0.8036904717,0.7900742268,0.7738796564,0.6303790062,0.5464292797,0,0.7886583127,0.7936366363,0.7787021521,1.506444395,1.512877052,1.518180791,1.522396226,1.534675207,1.546703733,1.570370131,1.568413244,1.566110362,1.399170386,1.401701105,1.403782949,1.408681176,1.410523336,1.412868086,1.481531449,1.486605995,1.491307042,1.496178639,1.498594925,1.502407276,1.509136648,1.511185703,1.51600943
CON_NTO_SJH_76SHCON7,1.109655736,1.112428905,1.112109759,1.113912254,1.115251719,1.116813561,1.113815457,1.1129487,1.116589345,0.7635707802,0.7388796564,0.7267826566,0.8178114751,0.8056117505,0.7886583127,0,0.4545926674,0.5222006345,1.514088315,1.520519548,1.525825739,1.530038051,1.542314755,1.554340629,1.578002519,1.576049679,1.573749605,1.40636036,1.408877683,1.410944303,1.415816753,1.417649386,1.419981667,1.48851027,1.493581664,1.498281595,1.503147353,1.505560905,1.509368569,1.516096604,1.518144885,1.522968231
CON_NTO_SJH_77SHCON8,1.110116687,1.112861323,1.112528779,1.114278037,1.11561403,1.117188033,1.114174369,1.113294253,1.116916613,0.7541410202,0.7284137624,0.7177406438,0.8228157503,0.8105481335,0.7936366363,0.4545926674,0,0.5095235232,1.513668825,1.520100778,1.525408212,1.529620466,1.54189813,1.553924527,1.57758681,1.575634947,1.573335482,1.405848233,1.408364812,1.410430276,1.415301152,1.417133184,1.419464641,1.487990767,1.493062586,1.497763056,1.502629036,1.505042719,1.508850572,1.515579465,1.517627984,1.522451986
CON_NTO_SJH_78SHCON9,1.111964449,1.114711078,1.114391136,1.11616639,1.117495534,1.119050246,1.116068179,1.115203241,1.118812903,0.7424667292,0.7122128801,0.6957534694,0.8117938104,0.7979035832,0.7787021521,0.5222006345,0.5095235232,0,1.512375545,1.518808086,1.524115904,1.528328527,1.540607022,1.552634054,1.576297137,1.574345302,1.572045818,1.404561359,1.407079262,1.409146051,1.414019391,1.415852324,1.418184936,1.486727198,1.491799666,1.496500585,1.501367449,1.503781561,1.507590129,1.51431968,1.516368433,1.521192854
CON_NTO_ASB_79ACON1,1.633237804,1.635284069,1.635143211,1.636634871,1.637576877,1.638608115,1.636595777,1.636046297,1.638642672,1.50425834,1.505700304,1.506099347,1.506865941,1.506421479,1.506444395,1.514088315,1.513668825,1.512375545,0,0.4585519401,0.5323093327,0.5691152001,0.6365453514,0.6764421207,0.7260559006,0.7219660552,0.7183483842,1.093807105,1.097653095,1.102448822,1.111059733,1.114462261,1.119058744,1.210901504,1.216431508,1.221072473,1.22722901,1.230244865,1.235119932,1.241813147,1.243963499,1.248636554
CON_NTO_ASB_80ACON2,1.639612863,1.641659585,1.641519307,1.643012623,1.643954499,1.644984958,1.64297381,1.642425005,1.645021398,1.510698907,1.512139185,1.51253727,1.513296574,1.512853263,1.512877052,1.520519548,1.520100778,1.518808086,0.4585519401,0,0.4401160543,0.4937188197,0.5944240629,0.6446115345,0.7013766996,0.6967036738,0.6928896547,1.100497812,1.104308482,1.10907148,1.117620664,1.121001446,1.125570981,1.216988068,1.222495503,1.227117535,1.233248795,1.236252268,1.241107477,1.24777297,1.24991451,1.254568492
CON_NTO_ASB_81ACON3,1.644851909,1.64689959,1.646760229,1.64825637,1.649198136,1.650227447,1.648218006,1.647670231,1.65026692,1.516018322,1.517455965,1.517852245,1.518596257,1.518155085,1.518180791,1.525825739,1.525408212,1.524115904,0.5323093327,0.4401160543,0,0.423536363,0.5625192367,0.6235506744,0.6873034107,0.6793674579,0.6733384021,1.107285122,1.111082277,1.115822326,1.124333327,1.127697983,1.132244757,1.22325613,1.228742163,1.233348612,1.239450846,1.242440147,1.247271863,1.253913072,1.256046158,1.26068392
CON_NTO_ASB_82ACON4,1.649049036,1.651096567,1.650957215,1.652453248,1.65339495,1.654424192,1.652414885,1.651867146,1.65446366,1.520231788,1.521669386,1.522065843,1.522812228,1.522370861,1.522396226,1.530038051,1.529620466,1.528328527,0.5691152001,0.4937188197,0.423536363,0,0.5102517008,0.5910361227,0.6644318418,0.6572636708,0.6522261779,1.110822542,1.114592512,1.119313654,1.127785712,1.131138214,1.135671565,1.226493372,1.231969112,1.236565483,1.242659239,1.245644358,1.250469828,1.257097138,1.259226252,1.26385415
CON_NTO_ASB_83ACON5,1.661248482,1.663296609,1.663158038,1.664656287,1.665597807,1.666625993,1.664618303,1.664071474,1.666667993,1.532521148,1.53395648,1.534351672,1.535088559,1.534648711,1.534675207,1.542314755,1.54189813,1.540607022,0.6365453514,0.5944240629,0.5625192367,0.5102517008,0,0.484610247,0.6066371077,0.5954367075,0.5897161902,1.123440756,1.127163056,1.131839221,1.140226277,1.143548503,1.148044027,1.23825037,1.243693014,1.248261759,1.254318077,1.257284854,1.262080857,1.268667544,1.270783697,1.275383659
CON_NTO_ASB_84ACON6,1.673223534,1.675271939,1.67513382,1.676633291,1.67757468,1.67860223,1.676595524,1.676049234,1.678645679,1.544554761,1.545988776,1.546383321,1.547115802,1.546676738,1.546703733,1.554340629,1.553924527,1.552634054,0.6764421207,0.6446115345,0.6235506744,0.5910361227,0.484610247,0,0.5326962567,0.5170421731,0.5183158822,1.135414016,1.13909762,1.143739338,1.152060072,1.155359152,1.159826265,1.249573593,1.254991336,1.259538797,1.265567997,1.268521482,1.273296298,1.279851987,1.281958406,1.286536943
CON_NTO_ASB_85ACON7,1.696831832,1.698880359,1.698742623,1.700243034,1.701184266,1.702211235,1.700205451,1.699659635,1.702255889,1.56822394,1.569656827,1.570050963,1.570781531,1.570342974,1.570370131,1.578002519,1.57758681,1.576297137,0.7260559006,0.7013766996,0.6873034107,0.6644318418,0.6066371077,0.5326962567,0,0.424502994,0.4961802873,1.158623706,1.162254599,1.166851594,1.17508479,1.178353845,1.18278468,1.271948861,1.277334687,1.281854255,1.287849996,1.290787081,1.295535979,1.302051435,1.304145416,1.308696016
CON_NTO_ASB_86ACON8,1.694839213,1.696888565,1.696751515,1.698254131,1.699195325,1.700221478,1.698216885,1.697671819,1.70026842,1.566280228,1.567711165,1.56810382,1.568821215,1.568384405,1.568413244,1.576049679,1.575634947,1.574345302,0.7219660552,0.6967036738,0.6793674579,0.6572636708,0.5954367075,0.5170421731,0.424502994,0,0.3777849682,1.158234973,1.161879447,1.166477039,1.17471728,1.177985731,1.182412594,1.271459946,1.276839696,1.281357015,1.287339803,1.290270574,1.295008377,1.301518655,1.303610084,1.308157697
CON_NTO_ASB_87ACON9,1.692516038,1.694565916,1.694429288,1.695933276,1.696874453,1.697900109,1.695896238,1.695351633,1.697948466,1.563985687,1.565415423,1.565807145,1.566516159,1.566080449,1.566110362,1.573749605,1.573335482,1.572045818,0.7183483842,0.6928896547,0.6733384021,0.6522261779,0.5897161902,0.5183158822,0.4961802873,0.3777849682,0,1.156954694,1.160609989,1.165209844,1.173458289,1.176727654,1.181153579,1.270153767,1.275531181,1.280048393,1.286024583,1.288952144,1.293684171,1.300193084,1.302283494,1.306830544
CON_NTO_AAB_106ACON19,1.528912797,1.530877646,1.530672234,1.531952958,1.532897196,1.534004269,1.531882006,1.531262162,1.533821958,1.395706225,1.397329102,1.397870942,1.399924364,1.399312417,1.399170386,1.40636036,1.405848233,1.404561359,1.093807105,1.100497812,1.107285122,1.110822542,1.123440756,1.135414016,1.158623706,1.158234973,1.156954694,0,0.5317061832,0.6213822775,0.7104580275,0.7325955229,0.7566391069,0.9653351611,0.9736723657,0.9805162392,0.9897938863,0.9943056141,1.001568244,1.011179543,1.0142648,1.02085345
CON_NTO_AAB_107ACON20,1.531401046,1.533364793,1.533158942,1.534437748,1.535381784,1.536489182,1.534366568,1.533746326,1.53630525,1.398222859,1.399846603,1.40038988,1.402458772,1.401845225,1.401701105,1.408877683,1.408364812,1.407079262,1.097653095,1.104308482,1.111082277,1.114592512,1.127163056,1.13909762,1.162254599,1.161879447,1.160609989,0.5317061832,0,0.529067138,0.6706984639,0.6995836743,0.7294541495,0.9565990053,0.9651447188,0.972131711,0.9816622237,0.9862921916,0.9937447841,1.003530268,1.006674889,1.013369998
CON_NTO_AAB_108ACON21,1.53345501,1.535417306,1.535210721,1.536486671,1.537430519,1.538538588,1.536415119,1.535794161,1.538352064,1.400284994,1.401910424,1.402455769,1.404545767,1.403929879,1.403782949,1.410944303,1.410430276,1.409146051,1.102448822,1.10907148,1.115822326,1.119313654,1.131839221,1.143739338,1.166851594,1.166477039,1.165209844,0.6213822775,0.529067138,0,0.6156025472,0.6570792531,0.6964127715,0.9477003379,0.9564644221,0.9636097106,0.9733822597,0.9781255396,0.9857581998,0.995729515,0.9989347471,1.005744478
CON_NTO_AAB_109ACON22,1.53828084,1.540240923,1.54003338,1.541305319,1.542248797,1.54335763,1.541233276,1.54061143,1.543167637,1.40515441,1.406781833,1.407330142,1.409451535,1.408832326,1.408681176,1.415816753,1.415301152,1.414019391,1.111059733,1.117620664,1.124333327,1.127785712,1.140226277,1.152060072,1.17508479,1.17471728,1.173458289,0.7104580275,0.6706984639,0.6156025472,0,0.483231767,0.5922944679,0.9289872574,0.9382612687,0.9457636863,0.9561197331,0.9611346247,0.9691998417,0.9795862838,0.9829296297,0.9899920249
CON_NTO_AAB_110ACON23,1.540097418,1.54205667,1.541848759,1.543119175,1.544062518,1.545171652,1.543046944,1.542424753,1.544980331,1.406985704,1.408613904,1.409163334,1.41129654,1.410676073,1.410523336,1.417649386,1.417133184,1.415852324,1.114462261,1.121001446,1.127697983,1.131138214,1.143548503,1.155359152,1.178353845,1.177985731,1.176727654,0.7325955229,0.6995836743,0.6570792531,0.483231767,0,0.5159734593,0.921594382,0.9310859628,0.9387419546,0.9493390939,0.9544658814,0.9627084326,0.9732686009,0.9766690479,0.9838367774
CON_NTO_AAB_111ACON24,1.542411246,1.544369384,1.544160963,1.545429299,1.546372471,1.547482036,1.545356807,1.544734133,1.547288882,1.409315767,1.410945072,1.411496025,1.413645132,1.413022953,1.412868086,1.419981667,1.419464641,1.418184936,1.119058744,1.125570981,1.132244757,1.135671565,1.148044027,1.159826265,1.18278468,1.182412594,1.181153579,0.7566391069,0.7294541495,0.6964127715,0.5922944679,0.5159734593,0,0.9117191424,0.921515636,0.9293893775,0.9403129662,0.9455910482,0.9540723082,0.9648732774,0.9683517911,0.975665259
CON_NTO_AAB_120ACON10,1.610312713,1.612263134,1.612054086,1.613314321,1.614254735,1.61536255,1.61324139,1.612619109,1.61516558,1.477896556,1.479523401,1.480081827,1.482330443,1.481700449,1.481531449,1.48851027,1.487990767,1.486727198,1.210901504,1.216988068,1.22325613,1.226493372,1.23825037,1.249573593,1.271948861,1.271459946,1.270153767,0.9653351611,0.9565990053,0.9477003379,0.9289872574,0.921594382,0.9117191424,0,0.4840006199,0.5624892939,0.6302106603,0.6553858352,0.6900999068,0.7214819413,0.7309618457,0.7484128563
CON_NTO_AAB_121ACON11,1.615337313,1.617287885,1.617079194,1.618340336,1.619280619,1.620387907,1.618267576,1.617645731,1.620192064,1.482974872,1.484600581,1.485158509,1.487404038,1.486774662,1.486605995,1.493581664,1.493062586,1.491799666,1.216431508,1.222495503,1.228742163,1.231969112,1.243693014,1.254991336,1.277334687,1.276839696,1.275531181,0.9736723657,0.9651447188,0.9564644221,0.9382612687,0.9310859628,0.921515636,0.4840006199,0,0.4584914307,0.5763165975,0.6122235011,0.6577502189,0.6952415416,0.706313853,0.7262128377
CON_NTO_AAB_122ACON12,1.619994889,1.621945781,1.621737515,1.622999857,1.62394004,1.625046751,1.622927303,1.622305954,1.624852284,1.487681842,1.489306281,1.489863492,1.492103568,1.491475055,1.491307042,1.498281595,1.497763056,1.496500585,1.221072473,1.227117535,1.233348612,1.236565483,1.248261759,1.259538797,1.281854255,1.281357015,1.280048393,0.9805162392,0.972131711,0.9636097106,0.9457636863,0.9387419546,0.9293893775,0.5624892939,0.4584914307,0,0.5148185594,0.5685747182,0.6286019477,0.6717251792,0.6844360065,0.7066057196
CON_NTO_AAB_123ACON13,1.624811428,1.626762215,1.626554179,1.627816928,1.628756945,1.629863245,1.62774448,1.627123442,1.629669454,1.492553748,1.494177346,1.494734421,1.49697512,1.496346812,1.496178639,1.503147353,1.502629036,1.501367449,1.22722901,1.233248795,1.239450846,1.242659239,1.254318077,1.265567997,1.287849996,1.287339803,1.286024583,0.9897938863,0.9816622237,0.9733822597,0.9561197331,0.9493390939,0.9403129662,0.6302106603,0.5763165975,0.5148185594,0,0.4234643748,0.5546192888,0.6219861262,0.6396952577,0.6693174337
CON_NTO_AAB_124ACON14,1.627200143,1.629150901,1.628942992,1.630205993,1.631145928,1.632252009,1.630133604,1.629512736,1.632058601,1.494970496,1.49659364,1.497150615,1.499391303,1.498763136,1.498594925,1.505560905,1.505042719,1.503781561,1.230244865,1.236252268,1.242440147,1.245644358,1.257284854,1.268521482,1.290787081,1.290270574,1.288952144,0.9943056141,0.9862921916,0.9781255396,0.9611346247,0.9544658814,0.9455910482,0.6553858352,0.6122235011,0.5685747182,0.4234643748,0,0.4934857996,0.5888966132,0.6110871073,0.6469420846
CON_NTO_AAB_125ACON15,1.630967673,1.632918353,1.632710636,1.633973985,1.634913786,1.636019527,1.633901686,1.633281076,1.635826686,1.498783206,1.500405653,1.500962507,1.503203589,1.502575603,1.502407276,1.509368569,1.508850572,1.507590129,1.235119932,1.241107477,1.247271863,1.250469828,1.262080857,1.273296298,1.295535979,1.295008377,1.293684171,1.001568244,0.9937447841,0.9857581998,0.9691998417,0.9627084326,0.9540723082,0.6900999068,0.6577502189,0.6286019477,0.5546192888,0.4934857996,0,0.5097784696,0.5470529543,0.6018363488
CON_NTO_AAB_126ACON16,1.637630734,1.639581946,1.639374904,1.640640181,1.641579831,1.642684666,1.640568208,1.639948383,1.642494015,1.505522189,1.507142639,1.507698336,1.509930499,1.509303899,1.509136648,1.516096604,1.515579465,1.51431968,1.241813147,1.24777297,1.253913072,1.257097138,1.268667544,1.279851987,1.302051435,1.301518655,1.300193084,1.011179543,1.003530268,0.995729515,0.9795862838,0.9732686009,0.9648732774,0.7214819413,0.6952415416,0.6717251792,0.6219861262,0.5888966132,0.5097784696,0,0.3646709767,0.5097966302
CON_NTO_AAB_127ACON17,1.639658685,1.641610026,1.641403175,1.642668978,1.643608578,1.644713149,1.642597097,1.641977497,1.644523111,1.507573737,1.509193612,1.509749002,1.511978917,1.511352689,1.511185703,1.518144885,1.517627984,1.516368433,1.243963499,1.24991451,1.256046158,1.259226252,1.270783697,1.281958406,1.304145416,1.303610084,1.302283494,1.0142648,1.006674889,0.9989347471,0.9829296297,0.9766690479,0.9683517911,0.7309618457,0.706313853,0.6844360065,0.6396952577,0.6110871073,0.5470529543,0.3646709767,0,0.4584927651
CON_NTO_AAB_128ACON18,1.644436123,1.646387901,1.646181558,1.647448848,1.648388348,1.649492246,1.647377215,1.646758203,1.649303872,1.512405065,1.514023451,1.514577938,1.516800695,1.516175544,1.51600943,1.522968231,1.522451986,1.521192854,1.248636554,1.254568492,1.26068392,1.26385415,1.275383659,1.286536943,1.308696016,1.308157697,1.306830544,1.02085345,1.013369998,1.005744478,0.9899920249,0.9838367774,0.975665259,0.7484128563,0.7262128377,0.7066057196,0.6693174337,0.6469420846,0.6018363488,0.5097966302,0.4584927651,0
