,CON_NTO_TLC_31TCONS1,CON_NTO_TLC_32TCONS2,CON_NTO_TLC_33TCONS3,CON_NTO_TLC_34TCONS4,CON_NTO_TLC_35TCONS5,CON_NTO_TLC_36TCONS6,CON_NTO_TLC_37TCONS7,CON_NTO_TLC_38TCONS8,CON_NTO_TLC_39TCONS9,CON_NTO_SJH_70SHCON1,CON_NTO_SJH_71SHCON2,CON_NTO_SJH_72SHCON3,CON_NTO_SJH_73SHCON4,CON_NTO_SJH_74SHCON5,CON_NTO_SJH_75SHCON6,CON_NTO_SJH_76SHCON7,CON_NTO_SJH_77SHCON8,CON_NTO_SJH_78SHCON9,CON_NTO_ASB_79ACON1,CON_NTO_ASB_80ACON2,CON_NTO_ASB_81ACON3,CON_NTO_ASB_82ACON4,CON_NTO_ASB_83ACON5,CON_NTO_ASB_84ACON6,CON_NTO_ASB_85ACON7,CON_NTO_ASB_86ACON8,CON_NTO_ASB_87ACON9,CON_NTO_AAB_106ACON19,CON_NTO_AAB_107ACON20,CON_NTO_AAB_108ACON21,CON_NTO_AAB_109ACON22,CON_NTO_AAB_110ACON23,CON_NTO_AAB_111ACON24,CON_NTO_AAB_120ACON10,CON_NTO_AAB_121ACON11,CON_NTO_AAB_122ACON12,CON_NTO_AAB_123ACON13,CON_NTO_AAB_124ACON14,CON_NTO_AAB_125ACON15,CON_NTO_AAB_126ACON16,CON_NTO_AAB_127ACON17,CON_NTO_AAB_128ACON18
CON_NTO_TLC_31TCONS1,0,2.07204868,2.200079585,2.556485858,2.584414099,2.556915501,2.584094018,2.628932296,2.712563701,3.785127956,3.783435297,3.786249444,4.367146497,4.300955587,3.865989754,3.759686163,3.758756387,3.766196945,4.732765653,4.740406101,4.744915997,4.751014307,4.765383864,4.779655083,4.807127844,4.802965456,4.799008333,4.484986573,4.557954863,4.595664366,4.64494985,4.657641721,4.671420877,5.427888102,5.440699216,5.450160583,5.46013919,5.464329263,5.469983175,5.478487525,5.480741715,5.485781244
CON_NTO_TLC_32TCONS2,2.07204868,0,1.692768125,2.387335182,2.420190153,2.37060407,2.428816408,2.497392052,2.595675334,3.766671524,3.765167842,3.768119824,4.350042772,4.283693976,3.848616397,3.742236902,3.741200029,3.748612855,4.71216782,4.719809594,4.724324093,4.730420667,4.744791523,4.759062609,4.786533752,4.782375972,4.778421915,4.464011807,4.536973485,4.574674847,4.623946098,4.636632768,4.650405126,5.406826534,5.419638665,5.429102608,5.43907926,5.443268402,5.448920265,5.457428085,5.459682899,5.464725413
CON_NTO_TLC_33TCONS3,2.200079585,1.692768125,0,2.290444226,2.335511196,2.289445343,2.340565414,2.421037448,2.539860283,3.756828994,3.755378889,3.758386985,4.340847781,4.274420928,3.839276053,3.732615751,3.731537912,3.738975512,4.70328001,4.710923648,4.715441569,4.72153782,4.735911038,4.750183291,4.777655161,4.773500077,4.769547737,4.454884756,4.52784483,4.565543384,4.61481002,4.627494921,4.641264881,5.397679769,5.410493436,5.419959565,5.429936279,5.434125465,5.43977712,5.448287958,5.450543479,5.455588384
CON_NTO_TLC_34TCONS4,2.556485858,2.387335182,2.290444226,0,1.527841626,1.890267556,1.390174735,1.880420537,2.181407283,3.728013107,3.726861972,3.730122233,4.31469674,4.247954619,3.81256212,3.705263344,3.703995447,3.711453978,4.674498635,4.682147811,4.686677794,4.692771747,4.707151636,4.721426505,4.748898612,4.744753922,4.740808315,4.425209795,4.498160113,4.535844822,4.585087936,4.597764049,4.6115223,5.367880798,5.380698936,5.390172454,5.400147562,5.40433601,5.409985323,5.418506287,5.420764013,5.42581715
CON_NTO_TLC_35TCONS5,2.584414099,2.420190153,2.335511196,1.527841626,0,1.772052138,1.562215827,1.915584893,2.116159607,3.728335937,3.727232477,3.730518611,4.315223573,4.248458955,3.813056626,3.705872667,3.704583563,3.712018044,4.673534311,4.681183179,4.685713432,4.691806861,4.706186219,4.720460524,4.747931708,4.743787599,4.739842414,4.424205774,4.497154304,4.534837113,4.584076772,4.596751659,4.610508353,5.366852054,5.379669909,5.389143462,5.399117786,5.403305854,5.408954474,5.41747545,5.419733105,5.424786342
CON_NTO_TLC_36TCONS6,2.556915501,2.37060407,2.289445343,1.890267556,1.772052138,0,1.969928474,2.15353216,2.240509071,3.739437989,3.738306108,3.741545979,4.325729374,4.259037696,3.823704981,3.71691874,3.715661668,3.723051685,4.682545747,4.690192111,4.694718489,4.700811864,4.715187938,4.729460358,4.75692991,4.752783044,4.748836148,4.433471633,4.506420714,4.544105331,4.593347686,4.606023685,4.619781992,5.376121307,5.388937084,5.398408043,5.408381638,5.41256934,5.418217649,5.426735009,5.428991754,5.4340422
CON_NTO_TLC_37TCONS7,2.584094018,2.428816408,2.340565414,1.390174735,1.562215827,1.969928474,0,1.71495246,2.116098495,3.723380674,3.722262585,3.725554062,4.310410011,4.24362668,3.808199946,3.700780179,3.6994892,3.706956383,4.670198634,4.677848739,4.682380486,4.688474234,4.702855286,4.717130711,4.744603108,4.740459843,4.736515145,4.420784492,4.493733801,4.531416918,4.580657388,4.593332497,4.607089388,5.363443331,5.376262228,5.385736863,5.39571194,5.399900379,5.405549524,5.414072028,5.41633011,5.421384475
CON_NTO_TLC_38TCONS8,2.628932296,2.497392052,2.421037448,1.880420537,1.915584893,2.15353216,1.71495246,0,2.031669893,3.712857678,3.711789217,3.715136381,4.300541286,4.233679172,3.79818292,3.69044882,3.689117602,3.69661453,4.660991543,4.668643797,4.673179229,4.679272781,4.693656593,4.707933484,4.735406945,4.731266483,4.727323551,4.411325341,4.484273289,4.521953861,4.571190243,4.583863756,4.597618446,5.353969508,5.366790178,5.37626721,5.386242588,5.390431187,5.396080294,5.404606121,5.406865004,5.411921977
CON_NTO_TLC_39TCONS9,2.712563701,2.595675334,2.539860283,2.181407283,2.116159607,2.240509071,2.116098495,2.031669893,0,3.703963836,3.703077055,3.706541064,4.292705537,4.225722605,3.790151101,3.68257804,3.681154766,3.688594754,4.648963184,4.65661599,4.661154837,4.66724663,4.681630734,4.695906899,4.723378254,4.719241549,4.715301161,4.398997877,4.47193931,4.509612207,4.558835009,4.5715036,4.585251914,5.341555023,5.354376059,5.363854868,5.373828023,5.378015556,5.383662488,5.392190675,5.394449899,5.399509006
CON_NTO_SJH_70SHCON1,3.785127956,3.766671524,3.756828994,3.728013107,3.728335937,3.739437989,3.723380674,3.712857678,3.703963836,0,1.796649346,2.037135232,3.318183973,3.201307767,2.715906359,2.54734743,2.515491039,2.476508818,4.356717521,4.36456205,4.369248194,4.37544778,4.390108366,4.404595348,4.432335587,4.428225365,4.424288812,4.101656707,4.174958084,4.212948215,4.262778861,4.275654847,4.289656396,5.049377272,5.062365949,5.071972081,5.082150177,5.086437678,5.092248655,5.100960648,5.103281727,5.108463167
CON_NTO_SJH_71SHCON2,3.783435297,3.765167842,3.755378889,3.726861972,3.727232477,3.738306108,3.722262585,3.711789217,3.703077055,1.796649346,0,1.698464599,3.280978261,3.160310832,2.668546464,2.464593781,2.429356484,2.375218233,4.361915453,4.369754405,4.374431018,4.380631107,4.395284561,4.409767762,4.437505277,4.433387831,4.429446729,4.107501212,4.18080418,4.218798957,4.268636566,4.281515411,4.295521069,5.055233298,5.068217028,5.077816915,5.087993434,5.092280138,5.098090524,5.106793854,5.109112775,5.114287518
CON_NTO_SJH_72SHCON3,3.786249444,3.768119824,3.758386985,3.730122233,3.730518611,3.741545979,3.725554062,3.715136381,3.706541064,2.037135232,1.698464599,0,3.238086427,3.111869901,2.612464372,2.424211088,2.393762292,2.32024455,4.365064826,4.372900631,4.377569821,4.383771608,4.398421385,4.412903359,4.44064131,4.436517273,4.432571875,4.111211107,4.184519881,4.222522903,4.272374436,4.285258496,4.299271115,5.059015266,5.071996188,5.081591542,5.091768939,5.096056043,5.101867779,5.1105649,5.112882461,5.118052174
CON_NTO_SJH_73SHCON4,4.367146497,4.350042772,4.340847781,4.31469674,4.315223573,4.325729374,4.310410011,4.300541286,4.292705537,3.318183973,3.280978261,3.238086427,0,2.633944309,2.642490454,3.255116886,3.272473882,3.234265731,4.923671689,4.931482571,4.936084009,4.942305467,4.956927677,4.971403959,4.99915406,4.994966804,4.990979807,4.675110284,4.748485545,4.786577507,4.836581283,4.849521788,4.863609088,5.62376005,5.63671856,5.646273619,5.656465394,5.660759239,5.666588749,5.675230968,5.677537131,5.682661595
CON_NTO_SJH_74SHCON5,4.300955587,4.283693976,4.274420928,4.247954619,4.248458955,4.259037696,4.24362668,4.233679172,4.225722605,3.201307767,3.160310832,3.111869901,2.633944309,0,2.2560153,3.14893374,3.165672158,3.121271616,4.858539846,4.866355678,4.870968034,4.877187343,4.891815461,4.906294001,4.934044139,4.929866316,4.925885434,4.609170689,4.682538852,4.720620147,4.77060612,4.783539894,4.797618138,5.557734001,5.570696937,5.580258737,5.590449848,5.594743409,5.600571476,5.609222949,5.611531197,5.616663085
CON_NTO_SJH_75SHCON6,3.865989754,3.848616397,3.839276053,3.81256212,3.813056626,3.823704981,3.808199946,3.79818292,3.790151101,2.715906359,2.668546464,2.612464372,2.642490454,2.2560153,0,2.665624138,2.682348312,2.630449431,4.427745549,4.435564422,4.440185503,4.446402092,4.461033492,4.47551252,4.503260727,4.499091181,4.495115763,4.177687199,4.251046258,4.289115548,4.339080902,4.352007051,4.366075229,5.126134022,5.139099709,5.148666651,5.158855649,5.163148215,5.16897377,5.177632234,5.179941907,5.18507959
CON_NTO_SJH_76SHCON7,3.759686163,3.742236902,3.732615751,3.705263344,3.705872667,3.71691874,3.700780179,3.69044882,3.68257804,2.54734743,2.464593781,2.424211088,3.255116886,3.14893374,2.665624138,0,1.515333,1.74073896,4.385153849,4.392966984,4.397608554,4.403804678,4.418423559,4.432885209,4.460601335,4.456461614,4.452507124,4.132864233,4.206153185,4.244144908,4.293971129,4.306847484,4.320851879,5.080364152,5.093325136,5.102900621,5.113062164,5.117341482,5.123141813,5.13181093,5.13412051,5.139269816
CON_NTO_SJH_77SHCON8,3.758756387,3.741200029,3.731537912,3.703995447,3.704583563,3.715661668,3.6994892,3.689117602,3.681154766,2.515491039,2.429356484,2.393762292,3.272473882,3.165672158,2.682348312,1.515333,0,1.698461946,4.382994907,4.390810513,4.395457098,4.40165245,4.416274357,4.430737331,4.458453899,4.454318354,4.45036655,4.130343035,4.203629317,4.241616741,4.29143589,4.304309542,4.318310267,5.077811551,5.090774716,5.100353354,5.110514881,5.114794209,5.120594124,5.129267583,5.131578169,5.136730924
CON_NTO_SJH_78SHCON9,3.766196945,3.748612855,3.738975512,3.711453978,3.712018044,3.723051685,3.706956383,3.69661453,3.688594754,2.476508818,2.375218233,2.32024455,3.234265731,3.121271616,2.630449431,1.74073896,1.698461946,0,4.381212239,4.389029789,4.393676163,4.399873788,4.414498786,4.428964652,4.456685585,4.452548211,4.448595005,4.128672909,4.201967054,4.239962512,4.289796387,4.302675225,4.31668249,5.076249913,5.089214769,5.09879384,5.108958952,5.113240017,5.119043028,5.127717228,5.130028322,5.135181252
CON_NTO_ASB_79ACON1,4.732765653,4.71216782,4.70328001,4.674498635,4.673534311,4.682545747,4.670198634,4.660991543,4.648963184,4.356717521,4.361915453,4.365064826,4.923671689,4.858539846,4.427745549,4.385153849,4.382994907,4.381212239,0,1.528053357,1.772775767,1.89427981,2.113094921,2.236896189,2.374704258,2.36493799,2.356136334,3.180892329,3.254253699,3.295117878,3.349579865,3.364659396,3.382010119,4.166749302,4.179271083,4.186971711,4.19984951,4.205497984,4.214097584,4.220930249,4.223149633,4.226626508
CON_NTO_ASB_80ACON2,4.740406101,4.719809594,4.710923648,4.682147811,4.681183179,4.690192111,4.677848739,4.668643797,4.65661599,4.36456205,4.369754405,4.372900631,4.931482571,4.866355678,4.435564422,4.392966984,4.390810513,4.389029789,1.528053357,0,1.46659659,1.644731478,1.976154822,2.135835565,2.300101276,2.288206652,2.278421744,3.190574164,3.26370308,3.304354334,3.358416053,3.373359104,3.390543895,4.173073635,4.18547898,4.19308175,4.205837431,4.211427318,4.219935517,4.226633747,4.228811579,4.232196011
CON_NTO_ASB_81ACON3,4.744915997,4.724324093,4.715441569,4.686677794,4.685713432,4.694718489,4.682380486,4.673179229,4.661154837,4.369248194,4.374431018,4.377569821,4.936084009,4.870968034,4.440185503,4.397608554,4.395457098,4.393676163,1.772775767,1.46659659,0,1.411463951,1.871717267,2.068517827,2.257340451,2.235494598,2.218736948,3.200863492,3.273904146,3.314444517,3.368296317,3.383158852,3.400237315,4.181192039,4.193512361,4.201055614,4.213691196,4.219222131,4.227631495,4.234234463,4.23637815,4.239699061
CON_NTO_ASB_82ACON4,4.751014307,4.730420667,4.72153782,4.692771747,4.691806861,4.700811864,4.688474234,4.679272781,4.66724663,4.37544778,4.380631107,4.383771608,4.942305467,4.877187343,4.446402092,4.403804678,4.40165245,4.399873788,1.89427981,1.644731478,1.411463951,0,1.699113872,1.963137857,2.186723057,2.166596647,2.152421171,3.205240701,3.278097403,3.318487996,3.3720586,3.386830687,3.40380434,4.183444824,4.195696237,4.203173991,4.215756653,4.221263013,4.229638337,4.236159529,4.238280887,4.241544239
CON_NTO_ASB_83ACON5,4.765383864,4.744791523,4.735911038,4.707151636,4.706186219,4.715187938,4.702855286,4.693656593,4.681630734,4.390108366,4.395284561,4.398421385,4.956927677,4.891815461,4.461033492,4.418423559,4.416274357,4.414498786,2.113094921,1.976154822,1.871717267,1.699113872,0,1.61353943,2.005350723,1.971265018,1.953890244,3.221981519,3.29451076,3.334600834,3.387604974,3.402183365,3.418921096,4.195368703,4.207449345,4.214783384,4.227186634,4.232606852,4.240847735,4.247170716,4.249230779,4.252357622
CON_NTO_ASB_84ACON6,4.779655083,4.759062609,4.750183291,4.721426505,4.720460524,4.729460358,4.717130711,4.707933484,4.695906899,4.404595348,4.409767762,4.412903359,4.971403959,4.906294001,4.47551252,4.432885209,4.430737331,4.428964652,2.236896189,2.135835565,2.068517827,1.963137857,1.61353943,0,1.767824053,1.717636718,1.722078027,3.236858372,3.30911321,3.348958174,3.401500017,3.415922189,3.432471448,4.206385226,4.218329812,4.225546351,4.237814143,4.243169641,4.251311206,4.257475221,4.25948728,4.262504083
CON_NTO_ASB_85ACON7,4.807127844,4.786533752,4.777655161,4.748898612,4.747931708,4.75692991,4.744603108,4.735406945,4.723378254,4.432335587,4.437505277,4.44064131,4.99915406,4.934044139,4.503260727,4.460601335,4.458453899,4.456685585,2.374704258,2.300101276,2.257340451,2.186723057,2.005350723,1.767824053,0,1.412419639,1.647187132,3.263660884,3.335527126,3.3750319,3.426931663,3.441138812,3.457430597,4.227898496,4.239657307,4.246709881,4.258801554,4.26407332,4.272088556,4.278034374,4.279981912,4.282847023
CON_NTO_ASB_86ACON8,4.802965456,4.782375972,4.773500077,4.744753922,4.743787599,4.752783044,4.740459843,4.731266483,4.719241549,4.428225365,4.433387831,4.436517273,4.994966804,4.929866316,4.499091181,4.456461614,4.454318354,4.452548211,2.36493799,2.288206652,2.235494598,2.166596647,1.971265018,1.717636718,1.412419639,0,1.25820169,3.264693191,3.336662243,3.376226508,3.428236865,3.442471432,3.458786709,4.229386447,4.241150083,4.248221493,4.2602798,4.265533816,4.273512677,4.279467292,4.281411654,4.284285239
CON_NTO_ASB_87ACON9,4.799008333,4.778421915,4.769547737,4.740808315,4.739842414,4.748836148,4.736515145,4.727323551,4.715301161,4.424288812,4.429446729,4.432571875,4.990979807,4.925885434,4.495115763,4.452507124,4.45036655,4.448595005,2.356136334,2.278421744,2.218736948,2.152421171,1.953890244,1.722078027,1.647187132,1.25820169,0,3.264132023,3.336184242,3.375801828,3.427911866,3.442173707,3.458515714,4.22936132,4.241136991,4.248228306,4.260273953,4.265520763,4.27348267,4.279453532,4.281399035,4.284285436
CON_NTO_AAB_106ACON19,4.484986573,4.464011807,4.454884756,4.425209795,4.424205774,4.433471633,4.420784492,4.411325341,4.398997877,4.101656707,4.107501212,4.111211107,4.675110284,4.609170689,4.177687199,4.132864233,4.130343035,4.128672909,3.180892329,3.190574164,3.200863492,3.205240701,3.221981519,3.236858372,3.263660884,3.264693191,3.264132023,0,1.756164044,2.03434287,2.303126993,2.368712771,2.439301405,3.592106093,3.616473433,3.633618362,3.658880698,3.670379842,3.688108789,3.706860345,3.7127865,3.724114345
CON_NTO_AAB_107ACON20,4.557954863,4.536973485,4.52784483,4.498160113,4.497154304,4.506420714,4.493733801,4.484273289,4.47193931,4.174958084,4.18080418,4.184519881,4.748485545,4.682538852,4.251046258,4.206153185,4.203629317,4.201967054,3.254253699,3.26370308,3.273904146,3.278097403,3.29451076,3.30911321,3.335527126,3.336662243,3.336184242,1.756164044,0,1.758741115,2.215276102,2.305918706,2.398520086,3.626996638,3.652563153,3.670530436,3.697230143,3.709400418,3.728206295,3.747937222,3.754196493,3.766117991
CON_NTO_AAB_108ACON21,4.595664366,4.574674847,4.565543384,4.535844822,4.534837113,4.544105331,4.531416918,4.521953861,4.509612207,4.212948215,4.218798957,4.222522903,4.786577507,4.720620147,4.289115548,4.244144908,4.241616741,4.239962512,3.295117878,3.304354334,3.314444517,3.318487996,3.334600834,3.348958174,3.3750319,3.376226508,3.375801828,2.03434287,1.758741115,0,2.045711851,2.180371009,2.306630344,3.628849985,3.655671413,3.674543003,3.702619138,3.715428956,3.735244551,3.756004337,3.762597422,3.775147236
CON_NTO_AAB_109ACON22,4.64494985,4.623946098,4.61481002,4.585087936,4.584076772,4.593347686,4.580657388,4.571190243,4.558835009,4.262778861,4.268636566,4.272374436,4.836581283,4.77060612,4.339080902,4.293971129,4.29143589,4.289796387,3.349579865,3.358416053,3.368296317,3.3720586,3.387604974,3.401500017,3.426931663,3.428236865,3.427911866,2.303126993,2.215276102,2.045711851,0,1.610343081,1.972412462,3.604223648,3.633838488,3.654703348,3.685842232,3.700070249,3.722122533,3.74511647,3.752436298,3.76634049
CON_NTO_AAB_110ACON23,4.657641721,4.636632768,4.627494921,4.597764049,4.596751659,4.606023685,4.593332497,4.583863756,4.5715036,4.275654847,4.281515411,4.285258496,4.849521788,4.783539894,4.352007051,4.306847484,4.304309542,4.302675225,3.364659396,3.373359104,3.383158852,3.386830687,3.402183365,3.415922189,3.441138812,3.442471432,3.442173707,2.368712771,2.305918706,2.180371009,1.610343081,0,1.719383529,3.589338279,3.620108576,3.641807024,3.674164925,3.688954676,3.711885857,3.73578598,3.743395503,3.757847165
CON_NTO_AAB_111ACON24,4.671420877,4.650405126,4.641264881,4.6115223,4.610508353,4.619781992,4.607089388,4.597618446,4.585251914,4.289656396,4.295521069,4.299271115,4.863609088,4.797618138,4.366075229,4.320851879,4.318310267,4.31668249,3.382010119,3.390543895,3.400237315,3.40380434,3.418921096,3.432471448,3.457430597,3.458786709,3.458515714,2.439301405,2.398520086,2.306630344,1.972412462,1.719383529,0,3.567449256,3.599824523,3.622693554,3.656686788,3.672227601,3.69632603,3.721468616,3.729469161,3.744669906
CON_NTO_AAB_120ACON10,5.427888102,5.406826534,5.397679769,5.367880798,5.366852054,5.376121307,5.363443331,5.353969508,5.341555023,5.049377272,5.055233298,5.059015266,5.62376005,5.557734001,5.126134022,5.080364152,5.077811551,5.076249913,4.166749302,4.173073635,4.181192039,4.183444824,4.195368703,4.206385226,4.227898496,4.229386447,4.22936132,3.592106093,3.626996638,3.628849985,3.604223648,3.589338279,3.567449256,0,2.418379749,2.807224023,3.137706475,3.258184678,3.420968248,3.56191121,3.603304582,3.677034445
CON_NTO_AAB_121ACON11,5.440699216,5.419638665,5.410493436,5.380698936,5.379669909,5.388937084,5.376262228,5.366790178,5.354376059,5.062365949,5.068217028,5.071996188,5.63671856,5.570696937,5.139099709,5.093325136,5.090774716,5.089214769,4.179271083,4.18547898,4.193512361,4.195696237,4.207449345,4.218329812,4.239657307,4.241150083,4.241136991,3.616473433,3.652563153,3.655671413,3.633838488,3.620108576,3.599824523,2.418379749,0,2.291407777,2.875776032,3.051463957,3.270671935,3.445123533,3.495370724,3.583187712
CON_NTO_AAB_122ACON12,5.450160583,5.429102608,5.419959565,5.390172454,5.389143462,5.398408043,5.385736863,5.37626721,5.363854868,5.071972081,5.077816915,5.081591542,5.646273619,5.580258737,5.148666651,5.102900621,5.100353354,5.09879384,4.186971711,4.19308175,4.201055614,4.203173991,4.214783384,4.225546351,4.246709881,4.248221493,4.248228306,3.633618362,3.670530436,3.674543003,3.654703348,3.641807024,3.622693554,2.807224023,2.291407777,0,2.571859518,2.837955958,3.131407285,3.336472001,3.395627259,3.496348348
CON_NTO_AAB_123ACON13,5.46013919,5.43907926,5.429936279,5.400147562,5.399117786,5.408381638,5.39571194,5.386242588,5.373828023,5.082150177,5.087993434,5.091768939,5.656465394,5.590449848,5.158855649,5.113062164,5.110514881,5.108958952,4.19984951,4.205837431,4.213691196,4.215756653,4.227186634,4.237814143,4.258801554,4.2602798,4.260273953,3.658880698,3.697230143,3.702619138,3.685842232,3.674164925,3.656686788,3.137706475,2.875776032,2.571859518,0,2.1167934,2.769366553,3.099395147,3.184787686,3.325207183
CON_NTO_AAB_124ACON14,5.464329263,5.443268402,5.434125465,5.40433601,5.403305854,5.41256934,5.399900379,5.390431187,5.378015556,5.086437678,5.092280138,5.096056043,5.660759239,5.594743409,5.163148215,5.117341482,5.114794209,5.113240017,4.205497984,4.211427318,4.219222131,4.221263013,4.232606852,4.243169641,4.26407332,4.265533816,4.265520763,3.670379842,3.709400418,3.715428956,3.700070249,3.688954676,3.672227601,3.258184678,3.051463957,2.837955958,2.1167934,0,2.465968394,2.938070256,3.046499161,3.219306896
CON_NTO_AAB_125ACON15,5.469983175,5.448920265,5.43977712,5.409985323,5.408954474,5.418217649,5.405549524,5.396080294,5.383662488,5.092248655,5.098090524,5.101867779,5.666588749,5.600571476,5.16897377,5.123141813,5.120594124,5.119043028,4.214097584,4.219935517,4.227631495,4.229638337,4.240847735,4.251311206,4.272088556,4.273512677,4.27348267,3.688108789,3.728206295,3.735244551,3.722122533,3.711885857,3.69632603,3.420968248,3.270671935,3.131407285,2.769366553,2.465968394,0,2.54694517,2.731845164,3.001304499
CON_NTO_AAB_126ACON16,5.478487525,5.457428085,5.448287958,5.418506287,5.41747545,5.426735009,5.414072028,5.404606121,5.392190675,5.100960648,5.106793854,5.1105649,5.675230968,5.609222949,5.177632234,5.13181093,5.129267583,5.127717228,4.220930249,4.226633747,4.234234463,4.236159529,4.247170716,4.257475221,4.278034374,4.279467292,4.279453532,3.706860345,3.747937222,3.756004337,3.74511647,3.73578598,3.721468616,3.56191121,3.445123533,3.336472001,3.099395147,2.938070256,2.54694517,0,1.823141977,2.546968353
CON_NTO_AAB_127ACON17,5.480741715,5.459682899,5.450543479,5.420764013,5.419733105,5.428991754,5.41633011,5.406865004,5.394449899,5.103281727,5.109112775,5.112882461,5.677537131,5.611531197,5.179941907,5.13412051,5.131578169,5.130028322,4.223149633,4.228811579,4.23637815,4.238280887,4.249230779,4.25948728,4.279981912,4.281411654,4.281399035,3.7127865,3.754196493,3.762597422,3.752436298,3.743395503,3.729469161,3.603304582,3.495370724,3.395627259,3.184787686,3.046499161,2.731845164,1.823141977,0,2.291533956
CON_NTO_AAB_128ACON18,5.485781244,5.464725413,5.455588384,5.42581715,5.424786342,5.4340422,5.421384475,5.411921977,5.399509006,5.108463167,5.114287518,5.118052174,5.682661595,5.616663085,5.18507959,5.139269816,5.136730924,5.135181252,4.226626508,4.232196011,4.239699061,4.241544239,4.252357622,4.262504083,4.282847023,4.284285239,4.284285436,3.724114345,3.766117991,3.775147236,3.76634049,3.757847165,3.744669906,3.677034445,3.583187712,3.496348348,3.325207183,3.219306896,3.001304499,2.546968353,2.291533956,0
